# Calibration from images of Calibração 1 and collected from MATLAB toolbox
# Each camera has been calibrated individually, and the stereo system used the individual calibration parameters.

camera_matrix_left:
  - [ 15098.844994002676685, 0.0, 2274.664009665071717 ]
  - [ 0.0, 15178.644381809213883, 1369.639918663827302 ]
  - [ 0.0, 0.0, 1.0 ]

dist_coeffs_left: [ -0.323349606225859, -1.471198168826389, 0.002846911704585, -0.000844493001370, 0.0 ]

# Extrinsic parameters for Image #10
rot_matrix_left:
  - [ 0.99958, 0.010382, 0.027155]
  - [ 0.015143, -0.98328, -0.18146]
  - [ 0.024817,  0.18179, -0.98302]

t_left: [ -100.9996, 90.23665, 1327.003 ]


# Projection matrix as Pl = camera_matrix_left*[rot_matrix_left | t_left]
proj_matrix_left:
  - [ 0.99851, 0.028792, 0.046429, -0.11345 ]
  - [ -0.023674, 0.99395, -0.10723, -0.017289 ]
  - [ -0.049236, 0.10597, 0.99315, 1.3249 ]

camera_matrix_right:
  - [ 15098.671773448782915, 0.0, 2386.394882427581706 ]
  - [ 0.0, 15172.301161769606551, 1526.325735162936326 ]
  - [ 0.0, 0.0, 1.0 ]

dist_coeffs_right: [ -0.515335385334878, 11.696307748525035, -0.000281424770327, -0.000613719582954, 0.0 ]




rot_matrix_right:
  - [ 0.98068, 0.047724, -0.18971]
  - [ 0.016644, -0.98662, -0.16216]
  - [ -0.19491,  0.15587, -0.96836]

t_right: [  -0.10282, 0.064298, 1.3562 ]

proj_matrix_right:
  - [ 15204.0, 670.2, -656.42, 1823.4 ]
  - [ -405.13, 15225.0, 423.74, 1539.5 ]
  - [ 0.18851, 0.086188, 0.97828, 1.3645 ]

R:
  - [ 0.97131, 0.0035759, -0.2378 ]
  - [ 0.0012175, 0.9998, 0.020007 ]
  - [ 0.23783, -0.019723, 0.97111 ]

T: [ -0.29052, -0.0032061, 0.051222 ]
