# Calibration from images of Calibração 1 and collected from MATLAB toolbox
# Each camera has been calibrated individually, and the stereo system used the individual calibration parameters.

camera_matrix_left:
  - [ 14958.0, 0.0, 2433.9 ]
  - [ 0.0, 15037.0, 1477.5 ]
  - [ 0.0, 0.0, 1.0 ]

dist_coeffs_left: [ -0.23813, -10.146, 0.00041969, -0.0015805, 229.24 ]

rot_matrix_left:
  - [ 0.99942, -0.014088, 0.031127 ]
  - [ 0.017491, 0.99357, -0.11189 ]
  - [ -0.02935, 0.11237, 0.99323 ]

proj_matrix_left:
  - [ 14958.0, 0.0, 2433.9, -0.061052 ]
  - [ 0.0, 15037.0, 1477.5, -0.10304 ]
  - [ 0.0, 0.0, 1.0, 1.3444 ]

t_left: [-0.061052, -0.10304, 1.3444 ]

camera_matrix_right:
  - [ 15070.0, 0.0, 2290.9 ]
  - [ 0.0, 15152.0, 1698.5 ]
  - [ 0.0, 0.0, 1.0 ]

dist_coeffs_right: [ -0.46314, 7.1811, -0.00095277, 0.00071234, -174.59 ]

rot_matrix_right:
  - [ 0.9645, 0.013739, 0.26371 ]
  - [ 0.022284, 0.99085, -0.13312 ]
  - [ -0.26313, 0.13427, 0.95537 ]

t_right: [ -0.03466, -0.13549, 1.3677 ]

proj_matrix_right:
  - [ 15070.0, 0.0, 2290.9, -0.03466 ]
  - [ 0.0, 15152.0, 1698.5, -0.13549 ]
  - [ 0.0, 0.0, 1.0, 1.3677 ]

R:
  - [ 0.97195, 0.0010141, 0.23517 ]
  - [ 0.0041677, 0.99976, -0.021537 ]
  - [ -0.23513, 0.021913, 0.97172 ]

T: [ -0.29136, -0.0032732, 0.049274 ]
