# Left and right camera calibration data

camera_matrix_left:
  - [ 4.4420e+03, 0.0, 1.0183e+03 ]
  - [ 0.0, 4.4399e+03, 0.7291e+03 ]
  - [ 0.0, 0.0, 1.0 ]

camera_matrix_right:
  - [ 4.4247e+03, 0.0, 1.0378e+03 ]
  - [ 0.0, 4.4231e+03, 0.7621e+03 ]
  - [ 0.0, 0.0, 1.0 ]

dist_coeffs_left: [ -0.2308, -0.3808, 0.0013, -0.0007, 0.0 ]

dist_coeffs_right: [ -0.2324, -0.3656, 0.0007, -0.0004, 0.0 ]

rot_matrix_left:
  - [ 0.9927, -0.0142, -0.1199 ]
  - [ 0.0148, 0.9999, 0.0041 ]
  - [ 0.1198, -0.0058, 0.9928 ]

rot_matrix_right:
  - [ 0.9909, -0.0108, 0.1344 ]
  - [ 0.0109, 0.9999, 0.0001 ]
  - [ -0.1344, 0.0014, 0.9909 ]

t_left: [ -170.1, -132.0, 1151.9 ]

t_right: [ -183.3, -136.2, 1198.5 ]

R:
  - [ 0.9677, 0.0044, 0.2522 ]
  - [ -0.0034, 1.0000, -0.0044 ]
  - [ -0.2522, 0.0034, 0.9677 ]

T: [ -308.5769, 0.2832, 41.4118 ]
