# Grasshopper 2048x2048 pixels (f: 25 mm @ schneider topaz)
camera_matrix_left:
  - [ 4471.6, 0.0, 1033.7 ]
  - [ 0.0, 4489.1, 1028.5 ]
  - [ 0.0, 0.0, 1.0 ]

camera_matrix_right:
  - [ 4462.5, 0.0, 1054.8 ]
  - [ 0.0, 4477.6, 1062.8 ]
  - [ 0.0, 0.0, 1.0 ]

dist_coeffs_left:
  [ -0.1233, -2.8378, 0.0, -0.0006, 0.0 ]

dist_coeffs_right:
  [ -0.3005, 1.4200, 0.0010, 0.0003, 0.0 ]

rot_matrix_left:
  - [ 0.9925, -0.0027, -0.1225 ]
  - [ 0.0025, 1.0000, -0.0020 ]
  - [ 0.1225, 0.0016, 0.9925 ]

rot_matrix_right:
  - [ 0.9893, -0.0032, 0.1461 ]
  - [ 0.0039, 1.0000, -0.0051 ]
  - [ -0.1461, 0.0056, 0.9893 ]

t_left: [ -42.9, -88.6, 1073.8 ]

t_right: [ -72.9, -91.3, 1085.2 ]

R:
  - [ 0.9639, -0.0010, 0.2662 ]
  - [ 0.0018, 1.0000, -0.0029 ]
  - [ -0.2662, 0.0033, 0.9639 ]

T: [ -317.3649, 0.4913, 39.0589 ]
