# Calibration from images of Calibração 1 and collected from MATLAB toolbox
# Each camera has been calibrated individually, and the stereo system used the individual calibration parameters.

camera_matrix_left:
  - [ 14931.0, 0.0, 2468.3 ]
  - [ 0.0, 15013.0, 1457.6 ]
  - [ 0.0, 0.0, 1.0 ]

dist_coeffs_left: [ -0.28404, -6.6238, 0.00049211, -0.0014316, 152.11 ]

# Rotation and translation from image 7
rot_matrix_left:
  # Original
#  - [ 0.99851, 0.028792, 0.046429 ]
#  - [ -0.023674, 0.99395, -0.10723 ]
#  - [ -0.049236, 0.10597, 0.99315 ]
  # Transpose
  - [  0.99851,-0.023674,-0.049236 ]
  - [ 0.028792,  0.99395,  0.10597 ]
  - [ 0.046429, -0.10723,  0.99315 ]





t_left: [ -0.11345, -0.017289, 1.3249 ]

# Projection matrix as Pl = camera_matrix_left*[rot_matrix_left | t_left]
proj_matrix_left:
  - [ 0.99851, 0.028792, 0.046429, -0.11345 ]
  - [ -0.023674, 0.99395, -0.10723, -0.017289 ]
  - [ -0.049236, 0.10597, 0.99315, 1.3249 ]

camera_matrix_right:
  - [ 15061.0, 0.0, 2281.7 ]
  - [ 0.0, 15146.0, 1650.3 ]
  - [ 0.0, 0.0, 1.0 ]

dist_coeffs_right: [ -0.4417, 4.7571, -0.00079326, 0.00094932, -115.29 ]

rot_matrix_right:
  - [ 0.98093, 0.031441, -0.19179 ]
  - [ -0.047288, 0.99578, -0.078618 ]
  - [ 0.18851, 0.086188, 0.97828 ]

t_right: [ -0.085643, -0.047027, 1.3645 ]

proj_matrix_right:
  - [ 15204.0, 670.2, -656.42, 1823.4 ]
  - [ -405.13, 15225.0, 423.74, 1539.5 ]
  - [ 0.18851, 0.086188, 0.97828, 1.3645 ]

R:
  - [ 0.97131, 0.0035759, -0.2378 ]
  - [ 0.0012175, 0.9998, 0.020007 ]
  - [ 0.23783, -0.019723, 0.97111 ]

T: [ -0.29052, -0.0032061, 0.051222 ]
