# Calibration from MATLAB stereo parameters
# Each camera has been calibrated individually, and the stereo system used the individual calibration parameters.

camera_matrix_left:
  - [ 14738.3239979898, 0.0, 2154.8718962196 ]
  - [ 0.0, 14822.5928326654, 1459.37032074176 ]
  - [ 0.0, 0.0, 1.0 ]

dist_coeffs_left: [ -0.216664352313748, -5.97293529733699, -0.000260551103188734, 0.000476511795403034, 0.0 ]

rot_matrix_left:
  - [ 0.994341436076023, 0.00709534386236019, -0.105994172470691 ]
  - [ -0.0118143734519652, 0.998963420517448, -0.0439602666963893 ]
  - [ 0.105572387877746, 0.0449637694544735, 0.993394549186896 ]

t_left: [ -127.869250702066, -42.7330196163562, 1521.5836132636 ]

camera_matrix_right:
  - [ 14759.9246782974, 0.0, 2234.0309463504 ]
  - [ 0.0, 14844.2667398032, 1550.55512955114 ]
  - [ 0.0, 0.0, 1.0 ]

dist_coeffs_right: [ -0.292206203278633, -2.10223675363234, 0.000573394577511209, 0.000599507028070311, 0.0 ]

rot_matrix_right:
  - [ 0.998933517401676, 0.0173501046062933, 0.042787868393569 ]
  - [ -0.0152545021258778, 0.998690808439173, -0.048825908122658 ]
  - [ -0.0435789854907878, 0.0481211285119264, 0.997890389278468 ]

t_right: [ -194.121641037436, -49.1475941558622, 1543.34745923082 ]

R:
  - [ 0.988868828493724, 0.00364938010961844, 0.148745158100237 ]
  - [ -0.00290686712582455, 0.999982208365436, -0.00520894193650303 ]
  - [ -0.148761521089836, 0.00471857790023443, 0.988861843163967 ]

T: [ -293.847970981125, 1.13880694198014, 19.8910977378064 ]
