# Calibration from images of Calibração 1 and colected from matlab toolbox
# Each camera has been calibrated individualy and stereo system used the individual calibration params.
camera_matrix_left:
  - [ 8712.8, 0.0, 2007.7 ]
  - [ 0.0, 8761.7, 1504.7 ]
  - [ 0.0, 0.0, 1.0 ]

dist_coeffs_left: [-0.21115, -0.62806, 0.00034152, -0.00075479, 0 ]

rot_matrix_left:
  - [  0.99365, 0.0063496, -0.11231]
  - [ -0.0052915, 0.99994, 0.0097163]
  - [  0.11237, -0.0090604, 0.99363]
#  - [1,0,0]
#  - [0,1,0]
#  - [0,0,1]

proj_matrix_left:
#  - [ 8883.1, 37.132, 1016.3,  0]
#  - [ 122.71, 8747.6, 1580.2,  0]
#  - [ 0.11237, -0.0090604, 0.99363, 0]
  - [ 8712.8, 0.0, 2007.7, 0.0 ]
  - [ 0.0, 8761.7, 1504.7, 0.0 ]
  - [ 0.0, 0.0, 1.0, 0.0 ]

camera_matrix_right:
  - [ 8744.9, 0.0, 2091.1 ]
  - [ 0.0, 8785, 1584.4 ]
  - [ 0.0, 0.0, 1.0 ]

dist_coeffs_right: [ -0.25269, 0.086833, -0.00042166, -0.0014111, 0 ]

rot_matrix_right:
  - [ 0.99438,  0.0047014, 0.10573]
  - [-0.0037055, 0.99995, -0.009613]
  - [-0.10577, 0.0091672, 0.99435]


proj_matrix_right:
  # Pr = Kr [R | t]
#  - [ 8474.6,       60.283,       3003.9,      -2483.3 ]
#  - [ 200.13,         8799,         1491,       35.881 ]
#  - [ 0.10577,    0.0091672,      0.99435,     0.032988 ]

  - [ 8744.9, 0.0, 2091.1, 0 ]
  - [ 0.0, 8785, 1584.4, 0 ]
  - [ 0.0, 0.0, 1.0, 0.0 ]
R:
  - [ 0.97492, 0.00094444, 0.22256 ]
  - [ 0.0020506, 0.99991, -0.013226 ]
  - [ -0.22255, 0.01335, 0.97483 ]



T: [ -0.29186, -0.001865, 0.032988 ]
