# Calibration from images of Calibração 1 and collected from MATLAB toolbox
# Each camera has been calibrated individually, and the stereo system used the individual calibration parameters.

camera_matrix_left:
  - [ 15098.844994002676685, 0.0, 2274.664009665071717 ]
  - [ 0.0, 15178.644381809213883, 1369.639918663827302 ]
  - [ 0.0, 0.0, 1.0 ]

dist_coeffs_left: [ -0.323349606225859, -1.471198168826389, 0.002846911704585, -0.000844493001370, 0.0 ]

# Extrinsic parameters for Image #11
rot_matrix_left:
  - [ 0.999013673224411, 0.0248448701337474, 0.0368023523529028 ]
  - [ 0.0287407670895599, -0.993579556357908, -0.109424099241099 ]
  - [ 0.0338474373885772, 0.110373899159445, -0.993313622863679 ]

t_left: [ -9.883103e+01, 8.973060e+01, 1.329608e+03 ]


camera_matrix_right:
  - [ 15098.671773448782915, 0.0, 2386.394882427581706 ]
  - [ 0.0, 15172.301161769606551, 1526.325735162936326 ]
  - [ 0.0, 0.0, 1.0 ]

dist_coeffs_right: [ -0.515335385334878, 11.696307748525035, -0.000281424770327, -0.000613719582954, 0.0 ]

rot_matrix_right:
  - [0.981773565574439, 0.0469389912817245, -0.184166764202196]
  - [0.0300223895330816, -0.995157882442897, -0.0935919074412604]
  - [-0.187668116807243, 0.0863569343435936, -0.978428923236021]

t_right: [ -9.984703e+01, 6.359111e+01, 1.358272e+03 ]

R:
  - [0.970204307054551, -0.00113932868843057, 0.242285584595821]
  - [0.00153380035972686, 0.999997787625168, -0.00143951423252101]
  - [-0.242283408489429, 0.00176824062526791, 0.970203908101712]

T: [ -286.47572, -3.45242, 93.46857 ]
