# Left and right camera calibration data

camera_matrix_left:
  - [ 4.4515e+03, 0.0, 1.0723e+03 ]
  - [ 0.0, 4.4736e+03, 0.7260e+03 ]
  - [ 0.0, 0.0, 1.0 ]

camera_matrix_right:
  - [ 4.4291e+03, 0.0, 1.0617e+03 ]
  - [ 0.0, 4.4501e+03, 0.7565e+03 ]
  - [ 0.0, 0.0, 1.0 ]

dist_coeffs_left: [ -0.2418, -0.1473, 0.0005, 0.0004, 0 ]

dist_coeffs_right: [ -0.2518, 0.2871, 0.0006, 0.0002, 0 ]

rot_matrix_left:
  - [ 0.9826, -0.0205, -0.1847 ]
  - [ 0.0223, 0.9997, 0.0078 ]
  - [ 0.1845, -0.0117, 0.9828 ]

rot_matrix_right:
  - [ 0.9860, -0.0198, 0.1655 ]
  - [ 0.0193, 0.9998, 0.0045 ]
  - [ -0.1656, -0.0013, 0.9862 ]

t_left: [ -56.0410, -37.4554, 857.7032 ]

t_right: [ -61.5580, -40.5499, 873.1546 ]

R:
  - [ 0.9387, 0.0035, 0.3448 ]
  - [ -0.0023, 1.0000, -0.0037 ]
  - [ -0.3448, 0.0027, 0.9387 ]

T: [ -304.5742, -0.0247, 48.8373 ]
