# Calibration from images of calibration set 1 and collected from MATLAB toolbox
# Each camera has been calibrated individually, and the stereo system used the individual calibration parameters.

camera_matrix_left:
  - [ 15090.9854090513, 0.0, 2552.15383803132 ]
  - [ 0.0, 15173.2630686547, 1360.23869121869 ]
  - [ 0.0, 0.0, 1.0 ]

dist_coeffs_left: [ -0.275513755234832, -1.62546720559042, -0.000200120792914781, -0.000727160560313743, 0.0 ]

# Extrinsic parameters for Left Camera
rot_matrix_left:
  - [ 0.991119931878672, 0.00321547401715689, 0.132932093038745 ]
  - [ -0.00140459753754292, -0.999398634099538, 0.0346467497138802 ]
  - [ 0.132963557934398, -0.034525800306781, -0.990519389701485 ]

t_left: [ -113.255890446384, 81.4245657360906, 1564.83949057218 ]


camera_matrix_right:
  - [ 14953.8685158573, 0.0, 2361.95519416925 ]
  - [ 0.0, 15040.2948240414, 1329.62872736374 ]
  - [ 0.0, 0.0, 1.0 ]

dist_coeffs_right: [ -0.309869973016467, -0.926977956363525, 0.00223622796402579, -0.000320011047498691, 0.0 ]

# Extrinsic parameters for Right Camera
rot_matrix_right:
  - [ 0.999337251486927, -0.0030112473513478, -0.0362765789448751 ]
  - [ -0.00177870946950616, -0.999421589084792, 0.0339606163644432 ]
  - [ -0.0363578599917245, -0.033873583521954, -0.998764580046871 ]

t_right: [ -150.196746780866, 87.0918413554909, 1564.54680405239 ]


# Stereo Transformation Matrix
R:
  - [ 0.970204307054551, -0.00113932868843057, 0.242285584595821 ]
  - [ 0.00153380035972686, 0.999997787625168, -0.00143951423252101 ]
  - [ -0.242283408489429, 0.00176824062526791, 0.970203908101712 ]

T: [ -286.47572, -3.45242, 93.46857 ]
