# Left and right camera calibration data

# Left camera
camera_matrix_left:
  - [ 1.3643e+03, 0.0, 757.5870 ]
  - [ 0.0, 1.3599e+03, 590.5498 ]
  - [ 0.0, 0.0, 1.0 ]

dist_coeffs_left: [ -0.1981, 0.1432, -0.0019, 0.0010, 0.0 ]

rot_matrix_left:
  - [ 0.9842, 0.0153, 0.1764 ]
  - [ 0.0159, -0.9999, -0.0019 ]
  - [ 0.1764, 0.0047, -0.9843 ]

t_left: [ -216.4296, 101.6029, 970.9771 ]

# Right camera
camera_matrix_right:
  - [ 1.3717e+03, 0.0, 772.7449 ]
  - [ 0.0, 1.3676e+03, 585.9463 ]
  - [ 0.0, 0.0, 1.0 ]

dist_coeffs_right: [ -0.2012, 0.1429, -0.0017, -0.0009, 0.0 ]

rot_matrix_right:
  - [ 0.9877, 0.0207, -0.1549 ]
  - [ 0.0193, -0.9998, -0.0104 ]
  - [ -0.1550, 0.0073, -0.9879 ]

t_right: [ -1.092e+02, 1.137e+02, 1.0316e+03 ]

R:
  - [ 0.9877, 0.0207, -0.1549 ]
  - [ 0.0193, -0.9998, -0.0104 ]
  - [ -0.1550, 0.0073, -0.9879 ]

T: [ -1.092e+02, 1.137e+02, 1.0316e+03 ]
