# Left and right camera calibration data (New Data)

# Left camera (Base)
camera_matrix_left:
  - [ 1354.5626, 0.0, 764.9736 ]
  - [ 0.0, 1353.6029, 596.3142 ]
  - [ 0.0, 0.0, 1.0 ]

dist_coeffs_left: [ -0.2102, 0.1399, -0.0002, -0.0007, 0.0 ]

rot_matrix_left:
  - [ 0.9779, 0.0130, -0.2086 ]
  - [ 0.0151, -0.9999, 0.0082 ]
  - [ -0.2084, -0.0112, -0.9780 ]

t_left: [ -93.7631, 29.7475, 989.7579 ]

# Right camera (Base)
camera_matrix_right:
  - [ 1359.8299, 0.0, 774.5467 ]
  - [ 0.0, 1359.2043, 601.0832 ]
  - [ 0.0, 0.0, 1.0 ]

dist_coeffs_right: [ -0.2109, 0.1380, -0.0007, 0.0004, 0.0 ]

rot_matrix_right:
  - [ 0.9922, 0.0117, 0.1241 ]
  - [ 0.0101, -0.9999, 0.0130 ]
  - [ 0.1242, -0.0117, -0.9922 ]

t_right: [ -158.7142, 27.4984, 911.9356 ]

# Stereo parameters (Base)
R:
  - [ 0.9437, -0.0062, 0.3307 ]
  - [ 0.0046, 0.9999, 0.0057 ]
  - [ -0.3307, -0.0038, 0.9437 ]

T: [ -251.4675, -1.1133, 63.6895 ]
