# Calibration data
camera_matrix_left:
  - [ 1363.09421392977, 0.0, 762.386324617731 ]
  - [ 0.0, 1365.88251096253, 599.024875679163 ]
  - [ 0.0, 0.0, 1.0 ]

dist_coeffs_left: [ -0.204628791424047, 0.138882161924626, 1.20708780509112e-04, -7.14963048198696e-04, 0.0 ]

rot_matrix_left:
  - [ 0.987347801407807, 0.0215004590709143, -0.157105217338287 ]
  - [ -0.0291813227971718, 0.998480390747447, -0.0467478308869206 ]
  - [ 0.155861378971757, 0.0507409061070534, 0.986474830389736 ]

t_left: [ -51.8144419036891, -181.209419008778, 883.63794105377 ]

camera_matrix_right:
  - [ 1365.14993686194, 0.0, 776.82962908707 ]
  - [ 0.0, 1368.08655626942, 602.543217092813 ]
  - [ 0.0, 0.0, 1.0 ]

dist_coeffs_right: [ -0.205371900563591, 0.14496663536933, -6.5302888674914e-04, -1.6125119342477e-05, 0.0 ]

rot_matrix_right:
  - [ 0.97898309730647, 0.0303058685394797, 0.201677092205085 ]
  - [ -0.0227752246394026, 0.998957727035185, -0.0395569050776487 ]
  - [ -0.202665695989369, 0.0341323003731823, 0.978652952655015 ]

t_right: [ -178.743850237844, -176.398748525303, 923.836371794996 ]

R:
  - [ 0.935563875424056, -0.00773617291440396, 0.353072778092789 ]
  - [ 0.00520557791886442, 0.999953512321234, 0.00811635108650272 ]
  - [ -0.353119154054339, -0.00575541701939879, 0.93556065448205 ]

T: [ -443.658500242712, -2.09994517007957, 77.7998736704933 ]
