# Calibration data
camera_matrix_left:
  - [ 1.3653e+03, 0.0, 0.7633e+03 ]
  - [ 0.0, 1.3691e+03, 0.5999e+03 ]
  - [ 0.0, 0.0, 0.0010 ]

dist_coeffs_left:
  [ -0.2028,  0.1371,  0.0001,  -0.0007,  0.0]

rot_matrix_left:
  - [ 0.9873, 0.0217, -0.1574 ]
  - [ -0.0292, 0.9985, -0.0456 ]
  - [ 0.1562, 0.0497, 0.9865 ]

t_left:
  [-52.6295,  -182.4434,  888.8361]

camera_matrix_right:
  - [ 1.3677e+03, 0.0, 0.7737e+03 ]
  - [ 0.0, 1.3715e+03, 0.6033e+03 ]
  - [ 0.0, 0.0, 0.0010 ]

dist_coeffs_right:
  [-0.2038,  0.1428,  -0.0007,  -0.0004,  0.0]

rot_matrix_right:
  - [ 0.9784, 0.0300, 0.2043 ]
  - [ -0.0226, 0.9990, -0.0383 ]
  - [ -0.2053, 0.0329, 0.9781 ]

t_right:
  [-177.3063,  -177.5656,  929.7503]

R:
  - [ 0.935563875424056, -0.00773617291440396, 0.353072778092789 ]
  - [ 0.00520557791886442, 0.999953512321234, 0.00811635108650272 ]
  - [ -0.353119154054339, -0.00575541701939879, 0.93556065448205 ]

T: [ -443.658500242712, -2.09994517007957, 77.7998736704933 ]
