# Left and right camera calibration data (New Data)

camera_matrix_left:
  - [ 1361.9921, 0.0, 761.3508 ]
  - [ 0.0, 1360.9835, 594.2077 ]
  - [ 0.0, 0.0, 1.0 ]

dist_coeffs_left: [ -0.2169, 0.1737, 0.0001, -0.0001, 0.0 ]

rot_matrix_left:
  - [ 0.9904, 0.0097, 0.1378 ]
  - [ 0.0084, -0.9999, 0.0102 ]
  - [ 0.1379, -0.0089, -0.9904 ]

t_left: [ -133.6544, 97.3614, 976.1473 ]

# Right camera (Base)
camera_matrix_right:
  - [ 1365.4504, 0.0, 774.5093 ]
  - [ 0.0, 1364.5961, 602.0580 ]
  - [ 0.0, 0.0, 1.0 ]

dist_coeffs_right: [ -0.2140, 0.1495, -0.0013, -0.0002, 0.0 ]

rot_matrix_right:
  - [ 0.9892, 0.0105, -0.1463 ]
  - [ 0.0119, -0.9999, 0.0089 ]
  - [ -0.1462, -0.0105, -0.9892 ]

t_right: [ -183.4078, 96.6440, 1033.1283 ]

# Stereo parameters (Base)
R:
  - [ 0.9437, -0.0062, 0.3307 ]
  - [ 0.0046, 0.9999, 0.0057 ]
  - [ -0.3307, -0.0038, 0.9437 ]

T: [ -251.4675, -1.1133, 63.6895 ]
