# Calibration data
camera_matrix_left:
  - [ 1363.67732925757, 0.0, 762.0380004346 ]
  - [ 0.0, 1366.54955301049, 597.921200801282 ]
  - [ 0.0, 0.0, 1.0 ]

dist_coeffs_left: [ -0.204781648736835, 0.139585736159386, 0.00010183762954322, -0.000641171396967921, 0.0 ]

rot_matrix_left:
  - [ 0.986554993342369, -0.0218949482020879, 0.161956340889962 ]
  - [ -0.0293448025810576, -0.99861141177894, 0.043750780865622 ]
  - [ 0.160773529141822, -0.0479151281757735, -0.985827577631699 ]

t_left: [ -52.7416034227463, -81.1318349695988, 898.102875318168 ]

camera_matrix_right:
  - [ 1364.87375620275, 0.0, 775.919987306492 ]
  - [ 0.0, 1367.90521463698, 601.317948160175 ]
  - [ 0.0, 0.0, 1.0 ]

dist_coeffs_right: [ -0.202771226114824, 0.140280636649687, -0.000698232621924933, 1.9730821832364e-05, 0.0 ]

rot_matrix_right:
  - [ 0.977588386381198, -0.0302965012326405, -0.208334031847098 ]
  - [ -0.0233251895557785, -0.999085354384548, 0.0358383898423048 ]
  - [ -0.209229257860353, -0.0301757629126858, -0.977400911084005 ]

t_right: [ -170.406432117264, -73.2240807626375, 932.931184390625 ]

R:
  - [ 0.935442066948702, -0.00768221980570118, 0.353396551881306 ]
  - [ 0.00513922970529605, 0.999953714756228, 0.00813367464661588 ]
  - [ -0.353442679512217, -0.00579239536614101, 0.935438250476827 ]

T: [ -445.515830890058, -2.03939301898681, 77.946688735246 ]
