# Calibration data
camera_matrix_left:
  - [ 1363.67732925757, 0.0, 762.0380004346 ]
  - [ 0.0, 1366.54955301049, 597.921200801282 ]
  - [ 0.0, 0.0, 1.0 ]

dist_coeffs_left: [ -0.204781648736835, 0.139585736159386, 0.00010183762954322, -0.000641171396967921, 0.0 ]

rot_matrix_left:
  - [ 0.987300643386145, 0.0216889309289514, -0.157375442316972 ]
  - [ -0.0292114876086671, 0.99853051465332, -0.0456453754269298 ]
  - [ 0.156154182015699, 0.0496628793097607, 0.986483385494998 ]

t_left: [ -52.6294957477342, -182.443373760198, 888.836099704583 ]

camera_matrix_right:
  - [ 1364.87375620275, 0.0, 775.919987306492 ]
  - [ 0.0, 1367.90521463698, 601.317948160175 ]
  - [ 0.0, 0.0, 1.0 ]

dist_coeffs_right: [ -0.202771226114824, 0.140280636649687, -0.000698232621924933, 1.9730821832364e-05, 0.0 ]

rot_matrix_right:
  - [ 0.987300643386145, 0.0216889309289514, -0.157375442316972 ]
  - [ -0.0292114876086671, 0.99853051465332, -0.0456453754269298 ]
  - [ 0.156154182015699, 0.0496628793097607, 0.986483385494998 ]

t_right: [ -177.306333109665, -177.565594672907, 929.750292527938 ]

R:
  - [ 0.935442066948702, -0.00768221980570118, 0.353396551881306 ]
  - [ 0.00513922970529605, 0.999953714756228, 0.00813367464661588 ]
  - [ -0.353442679512217, -0.00579239536614101, 0.935438250476827 ]

T: [ -445.515830890058, -2.03939301898681, 77.946688735246 ]
